---------
freq [   0.  848.  874.  790.  797.  787.  808.  836.  803.  798.  857.  797.
  826.  795.  812.  829.  848.  819.  815.  802.  813.  870.  841.  838.
  843.  831.  854.  835.  857.  841.  793.  834.  836.  856.  829.  783.
  877.  825.  821.  794.  830.  802.  799.  835.  848.  791.  845.  792.
  809.  821.  816.  817.  793.  783.  829.  774.  863.  826.  834.  839.
  789.  811.  817.  811.  817.  792.  833.  820.  851.  801.  803.  866.
  801.  885.  827.  859.  872.  815.  823. 1629.]
---------
bins [ 0  1  2  3  4  5  6  7  8  9 10 11 12 13 14 15 16 17 18 19 20 21 22 23
 24 25 26 27 28 29 30 31 32 33 34 35 36 37 38 39 40 41 42 43 44 45 46 47
 48 49 50 51 52 53 54 55 56 57 58 59 60 61 62 63 64 65 66 67 68 69 70 71
 72 73 74 75 76 77 78 79 80]